N=100000000: 0.712404 s (0.561479 GB/s)
N=100000000: 0.712404 s (0.561479 GB/s)
N=100000000: 0.712404 s (0.561479 GB/s)
N=100000000: 0.712410 s (0.561474 GB/s)
