sum=75000000
N=100000000: 0.576180 s (0.694228 GB/s)
sum=25000000
N=100000000: 0.574715 s (0.695997 GB/s)
sum=50000000
N=100000000: 0.615751 s (0.649613 GB/s)
sum=0
N=100000000: 0.615455 s (0.649926 GB/s)
