sum=0
N=100000000: 11.765026 s (0.033999 GB/s)
sum=50000000
N=100000000: 11.765119 s (0.033999 GB/s)
sum=25000000
N=100000000: 11.765073 s (0.033999 GB/s)
sum=75000000
N=100000000: 11.765042 s (0.033999 GB/s)
