N=100000000: 10.920928 s (0.036627 GB/s)
N=100000000: 10.920928 s (0.036627 GB/s)
N=100000000: 10.920928 s (0.036627 GB/s)
N=100000000: 10.920928 s (0.036627 GB/s)
